Stanovanjske razmere, statistiène regije, Slovenija, letno;;;
;;;
STATISTIÈNA REGIJA;LETO;STANOVANJSKE RAZMERE;Stanovanjske razmere
Pomurska;2008;Težave s hrupom;18
Pomurska;2009;Težave s hrupom;12
Pomurska;2010;Težave s hrupom;15
Pomurska;2011;Težave s hrupom;16
Pomurska;2012;Težave s hrupom;12
Pomurska;2013;Težave s hrupom;10
Pomurska;2014;Težave s hrupom;13
Pomurska;2015;Težave s hrupom;12
Pomurska;2016;Težave s hrupom;12
Pomurska;2017;Težave s hrupom;14
Podravska;2008;Težave s hrupom;20
Podravska;2009;Težave s hrupom;18
Podravska;2010;Težave s hrupom;16
Podravska;2011;Težave s hrupom;17
Podravska;2012;Težave s hrupom;12
Podravska;2013;Težave s hrupom;12
Podravska;2014;Težave s hrupom;14
Podravska;2015;Težave s hrupom;14
Podravska;2016;Težave s hrupom;14
Podravska;2017;Težave s hrupom;14
Koroška;2008;Težave s hrupom;17
Koroška;2009;Težave s hrupom;17
Koroška;2010;Težave s hrupom;17
Koroška;2011;Težave s hrupom;13
Koroška;2012;Težave s hrupom;9
Koroška;2013;Težave s hrupom;10
Koroška;2014;Težave s hrupom;9
Koroška;2015;Težave s hrupom;9
Koroška;2016;Težave s hrupom;11
Koroška;2017;Težave s hrupom;13
Savinjska;2008;Težave s hrupom;19
Savinjska;2009;Težave s hrupom;17
Savinjska;2010;Težave s hrupom;19
Savinjska;2011;Težave s hrupom;18
Savinjska;2012;Težave s hrupom;14
Savinjska;2013;Težave s hrupom;14
Savinjska;2014;Težave s hrupom;14
Savinjska;2015;Težave s hrupom;14
Savinjska;2016;Težave s hrupom;14
Savinjska;2017;Težave s hrupom;11
Zasavska;2008;Težave s hrupom;22
Zasavska;2009;Težave s hrupom;23
Zasavska;2010;Težave s hrupom;26
Zasavska;2011;Težave s hrupom;26
Zasavska;2012;Težave s hrupom;18
Zasavska;2013;Težave s hrupom;10
Zasavska;2014;Težave s hrupom;17
Zasavska;2015;Težave s hrupom;15
Zasavska;2016;Težave s hrupom;20
Zasavska;2017;Težave s hrupom;18
Posavska;2008;Težave s hrupom;15
Posavska;2009;Težave s hrupom;13
Posavska;2010;Težave s hrupom;10
Posavska;2011;Težave s hrupom;12
Posavska;2012;Težave s hrupom;12
Posavska;2013;Težave s hrupom;5
Posavska;2014;Težave s hrupom;8
Posavska;2015;Težave s hrupom;12
Posavska;2016;Težave s hrupom;15
Posavska;2017;Težave s hrupom;16
Jugovzhodna Slovenija;2008;Težave s hrupom;17
Jugovzhodna Slovenija;2009;Težave s hrupom;20
Jugovzhodna Slovenija;2010;Težave s hrupom;17
Jugovzhodna Slovenija;2011;Težave s hrupom;14
Jugovzhodna Slovenija;2012;Težave s hrupom;14
Jugovzhodna Slovenija;2013;Težave s hrupom;15
Jugovzhodna Slovenija;2014;Težave s hrupom;12
Jugovzhodna Slovenija;2015;Težave s hrupom;13
Jugovzhodna Slovenija;2016;Težave s hrupom;13
Jugovzhodna Slovenija;2017;Težave s hrupom;9
Osrednjeslovenska;2008;Težave s hrupom;24
Osrednjeslovenska;2009;Težave s hrupom;21
Osrednjeslovenska;2010;Težave s hrupom;21
Osrednjeslovenska;2011;Težave s hrupom;21
Osrednjeslovenska;2012;Težave s hrupom;18
Osrednjeslovenska;2013;Težave s hrupom;16
Osrednjeslovenska;2014;Težave s hrupom;16
Osrednjeslovenska;2015;Težave s hrupom;15
Osrednjeslovenska;2016;Težave s hrupom;18
Osrednjeslovenska;2017;Težave s hrupom;17
Gorenjska;2008;Težave s hrupom;19
Gorenjska;2009;Težave s hrupom;17
Gorenjska;2010;Težave s hrupom;16
Gorenjska;2011;Težave s hrupom;19
Gorenjska;2012;Težave s hrupom;11
Gorenjska;2013;Težave s hrupom;14
Gorenjska;2014;Težave s hrupom;13
Gorenjska;2015;Težave s hrupom;16
Gorenjska;2016;Težave s hrupom;12
Gorenjska;2017;Težave s hrupom;14
Primorsko-notranjska;2008;Težave s hrupom;15
Primorsko-notranjska;2009;Težave s hrupom;16
Primorsko-notranjska;2010;Težave s hrupom;22
Primorsko-notranjska;2011;Težave s hrupom;25
Primorsko-notranjska;2012;Težave s hrupom;14
Primorsko-notranjska;2013;Težave s hrupom;14
Primorsko-notranjska;2014;Težave s hrupom;16
Primorsko-notranjska;2015;Težave s hrupom;11
Primorsko-notranjska;2016;Težave s hrupom;16
Primorsko-notranjska;2017;Težave s hrupom;18
Goriška;2008;Težave s hrupom;14
Goriška;2009;Težave s hrupom;16
Goriška;2010;Težave s hrupom;15
Goriška;2011;Težave s hrupom;13
Goriška;2012;Težave s hrupom;14
Goriška;2013;Težave s hrupom;10
Goriška;2014;Težave s hrupom;11
Goriška;2015;Težave s hrupom;11
Goriška;2016;Težave s hrupom;11
Goriška;2017;Težave s hrupom;10
Obalno-kraška;2008;Težave s hrupom;20
Obalno-kraška;2009;Težave s hrupom;17
Obalno-kraška;2010;Težave s hrupom;17
Obalno-kraška;2011;Težave s hrupom;17
Obalno-kraška;2012;Težave s hrupom;17
Obalno-kraška;2013;Težave s hrupom;13
Obalno-kraška;2014;Težave s hrupom;18
Obalno-kraška;2015;Težave s hrupom;13
Obalno-kraška;2016;Težave s hrupom;11
Obalno-kraška;2017;Težave s hrupom;13
